(0, 6),
            (1, 4),
            (2, 5),
            (3, 9),
            (4, 5),
            (4, 19),
            (5, 14),
            (6, 9),
            (6, 16),
            (7, 21),
            (8, 12),
            (9, 23),
            (10, 22),
            (11, 16),
            (12, 15),
            (12, 36),
            (13, 16),
            (16, 40),
            (17, 19),
            (18, 30),
            (19, 29),
            (19, 34),
            (20, 31),
            (21, 26),
            (21, 27),
            (21, 30),
            (22, 24),
            (22, 45),
            (25, 34),
            (28, 47),
            (30, 31),
            (30, 59),
            (31, 44),
            (32, 34),
            (33, 48),
            (34, 67),
            (35, 36),
            (36, 46),
            (36, 54),
            (37, 53),
            (38, 56),
            (39, 58),
            (40, 43),
            (40, 48),
            (40, 65),
            (41, 54),
            (42, 45),
            (44, 47),
            (44, 55),
            (45, 49),
            (45, 74),
            (47, 66),
            (47, 68),
            (48, 88),
            (50, 58),
            (51, 72),
            (52, 70),
            (53, 56),
            (53, 77),
            (54, 58),
            (54, 86),
            (56, 85),
            (57, 75),
            (58, 105),
            (59, 63),
            (59, 93),
            (60, 72),
            (61, 103),
            (62, 102),
            (64, 68),
            (65, 70),
            (65, 83),
            (67, 75),
            (67, 81),
            (67, 92),
            (68, 90),
            (69, 98),
            (70, 100),
            (71, 74),
            (72, 74),
            (72, 121),
            (73, 77),
            (74, 106),
            (75, 101),
            (76, 113),
            (77, 110),
            (78, 100),
            (79, 96),
            (80, 116),
            (82, 95),
            (82, 122),
            (84, 104),
            (85, 89),
            (85, 115),
            (87, 98),
            (88, 104),
            (88, 114),
            (90, 94),
            (90, 120),
            (91, 93),
            (92, 96),
            (92, 109),
            (93, 146),
            (96, 123),
            (97, 148),
            (98, 131),
            (98, 132),
            (99, 117),
            (100, 129),
            (100, 142),
            (101, 104),
            (101, 128),
            (102, 123),
            (102, 144),
            (103, 131),
            (103, 133),
            (104, 165),
            (105, 119),
            (105, 120),
            (105, 130),
            (107, 150),
            (108, 120),
            (110, 115),
            (110, 134),
            (111, 155),
            (112, 158),
            (113, 122),
            (113, 124),
            (113, 159),
            (115, 157),
            (116, 129),
            (116, 154),
            (117, 124),
            (117, 132),
            (118, 142),
            (120, 183),
            (121, 123),
            (121, 141),
            (121, 149),
            (122, 125),
            (122, 164),
            (123, 169),
            (124, 140),
            (126, 168),
            (127, 154),
            (129, 172),
            (131, 139),
            (131, 174),
            (132, 144),
            (132, 180),
            (133, 181),
            (135, 153),
            (136, 146),
            (137, 184),
            (138, 167),
            (138, 173),
            (142, 170),
            (142, 179),
            (143, 166),
            (144, 185),
            (145, 153),
            (146, 157),
            (146, 188),
            (147, 166),
            (148, 177),
            (148, 182),
            (150, 159),
            (150, 192),
            (151, 177),
            (152, 167),
            (153, 212),
            (154, 182),
            (154, 199),
            (155, 179),
            (155, 191),
            (156, 189),
            (157, 162),
            (157, 198),
            (158, 168),
            (159, 206),
            (160, 203),
            (161, 173),
            (163, 196),
            (165, 166),
            (165, 193),
            (165, 196),
            (166, 226),
            (167, 211),
            (168, 192),
            (168, 209),
            (171, 191),
            (173, 219),
            (175, 199),
            (176, 189),
            (177, 184),
            (177, 234),
            (178, 210),
            (179, 238),
            (182, 223),
            (183, 197),
            (183, 213),
            (184, 200),
            (184, 214),
            (186, 189),
            (187, 188),
            (188, 225),
            (189, 257),
            (190, 209),
            (191, 251),
            (192, 203),
            (192, 230),
            (194, 235),
            (195, 214),
            (196, 221),
            (196, 222),
            (199, 231),
            (199, 236),
            (201, 213),
            (202, 228),
            (203, 265),
            (204, 240),
            (205, 231),
            (207, 248),
            (208, 247),
            (209, 239),
            (209, 249),
            (210, 228),
            (210, 256),
            (211, 219),
            (211, 255),
            (212, 229),
            (212, 242),
            (212, 243),
            (213, 289),
            (215, 240),
            (216, 253),
            (217, 243),
            (218, 247),
            (218, 290),
            (219, 280),
            (220, 243),
            (224, 253),
            (225, 232),
            (225, 272),
            (226, 227),
            (226, 254),
            (226, 261),
            (228, 283),
            (231, 285),
            (233, 276),
            (234, 235),
            (234, 279),
            (235, 301),
            (237, 277),
            (238, 260),
            (238, 273),
            (240, 248),
            (240, 311),
            (241, 256),
            (243, 325),
            (244, 269),
            (245, 269),
            (246, 296),
            (247, 252),
            (247, 294),
            (248, 250),
            (248, 322),
            (251, 273),
            (251, 281),
            (253, 259),
            (253, 332),
            (256, 320),
            (257, 258),
            (257, 272),
            (257, 305),
            (262, 298),
            (263, 317),
            (264, 308),
            (265, 277),
            (265, 299),
            (266, 341),
            (267, 272),
            (268, 280),
            (269, 274),
            (269, 354),
            (270, 276),
            (271, 336),
            (272, 368),
            (273, 340),
            (275, 351),
            (276, 290),
            (276, 352),
            (277, 309),
            (277, 357),
            (278, 303),
            (280, 310),
            (280, 346),
            (281, 353),
            (282, 305),
            (283, 308),
            (283, 342),
            (284, 348),
            (285, 313),
            (286, 339),
            (287, 316),
            (288, 347),
            (289, 304),
            (289, 316),
            (289, 338),
            (290, 293),
            (290, 359),
            (291, 319),
            (292, 298),
            (295, 301),
            (296, 314),
            (296, 315),
            (296, 364),
            (297, 362),
            (298, 385),
            (300, 338),
            (301, 339),
            (301, 376),
            (302, 372),
            (303, 309),
            (303, 346),
            (305, 317),
            (305, 378),
            (306, 380),
            (307, 350),
            (308, 343),
            (308, 384),
            (309, 345),
            (311, 323),
            (311, 331),
            (311, 375),
            (312, 322),
            (316, 370),
            (317, 365),
            (317, 366),
            (318, 352),
            (319, 408),
            (320, 342),
            (320, 371),
            (321, 336),
            (322, 374),
            (322, 375),
            (324, 350),
            (325, 350),
            (325, 358),
            (325, 360),
            (326, 330),
            (327, 364),
            (328, 377),
            (329, 332),
            (330, 416),
            (332, 347),
            (332, 402),
            (333, 388),
            (334, 338),
            (335, 395),
            (336, 377),
            (336, 399),
            (337, 392),
            (338, 439),
            (339, 344),
            (339, 425),
            (341, 389),
            (341, 390),
            (342, 401),
            (346, 363),
            (346, 428),
            (347, 356),
            (347, 411),
            (348, 384),
            (348, 391),
            (349, 357),
            (350, 448),
            (351, 364),
            (351, 389),
            (351, 391),
            (352, 393),
            (352, 420),
            (354, 357),
            (354, 373),
            (354, 423),
            (355, 422),
            (357, 413),
            (361, 374),
            (362, 390),
            (362, 393),
            (364, 462),
            (367, 409),
            (368, 383),
            (368, 419),
            (369, 442),
            (370, 387),
            (370, 388),
            (372, 376),
            (372, 440),
            (374, 421),
            (375, 463),
            (376, 426),
            (377, 395),
            (377, 441),
            (379, 433),
            (380, 390),
            (380, 392),
            (380, 436),
            (381, 451),
            (382, 415),
            (384, 409),
            (384, 450),
            (385, 392),
            (385, 460),
            (386, 429),
            (388, 402),
            (388, 479),
            (389, 472),
            (390, 474),
            (391, 470),
            (392, 471),
            (393, 467),
            (394, 420),
            (395, 410),
            (395, 487),
            (396, 478),
            (397, 459),
            (398, 423),
            (399, 412),
            (399, 443),
            (400, 446),
            (402, 404),
            (402, 480),
            (403, 455),
            (405, 419),
            (406, 473),
            (407, 449),
            (408, 446),
            (408, 466),
            (409, 497),
            (414, 508),
            (415, 488),
            (416, 427),
            (416, 440),
            (416, 495),
            (417, 485),
            (418, 449),
            (419, 534),
            (420, 457),
            (421, 435),
            (421, 485),
            (422, 425),
            (422, 468),
            (422, 469),
            (423, 461),
            (423, 496),
            (424, 466),
            (425, 451),
            (425, 493),
            (428, 432),
            (428, 521),
            (429, 443),
            (429, 483),
            (430, 458),
            (431, 482),
            (433, 440),
            (433, 507),
            (434, 482),
            (437, 449),
            (438, 533),
            (439, 444),
            (439, 481),
            (439, 498),
            (440, 525),
            (442, 476),
            (442, 477),
            (442, 488),
            (443, 519),
            (445, 495),
            (446, 527),
            (447, 520),
            (448, 455),
            (448, 490),
            (448, 515),
            (449, 554),
            (451, 501),
            (451, 502),
            (452, 514),
            (453, 517),
            (454, 505),
            (455, 526),
            (456, 505),
            (458, 529),
            (459, 492),
            (459, 498),
            (462, 478),
            (462, 494),
            (462, 506),
            (463, 512),
            (463, 514),
            (464, 487),
            (465, 524),
            (466, 562),
            (473, 479),
            (473, 548),
            (475, 546),
            (478, 522),
            (478, 523),
            (479, 542),
            (482, 484),
            (482, 582),
            (485, 520),
            (485, 560),
            (486, 545),
            (487, 507),
            (487, 567),
            (488, 489),
            (488, 585),
            (491, 515),
            (495, 539),
            (495, 540),
            (497, 524),
            (497, 543),
            (498, 555),
            (499, 517),
            (500, 578),
            (503, 553),
            (504, 517),
            (505, 548),
            (505, 559),
            (507, 565),
            (508, 531),
            (508, 532),
            (508, 547),
            (509, 564),
            (510, 521),
            (511, 547),
            (513, 556),
            (514, 556),
            (514, 573),
            (515, 579),
            (516, 592),
            (517, 610),
            (518, 563),
            (519, 528),
            (520, 545),
            (520, 576),
            (521, 604),
            (524, 526),
            (524, 617),
            (526, 583),
            (529, 552),
            (529, 559),
            (530, 577),
            (533, 566),
            (533, 599),
            (534, 535),
            (534, 553),
            (534, 597),
            (536, 595),
            (537, 606),
            (538, 615),
            (541, 547),
            (544, 546),
            (546, 590),
            (546, 598),
            (547, 664),
            (548, 593),
            (548, 614),
            (549, 589),
            (550, 636),
            (551, 577),
            (553, 558),
            (553, 653),
            (554, 564),
            (554, 596),
            (554, 611),
            (556, 599),
            (556, 627),
            (557, 590),
            (559, 561),
            (559, 646),
            (560, 589),
            (560, 613),
            (562, 577),
            (562, 594),
            (562, 609),
            (563, 573),
            (563, 645),
            (564, 568),
            (564, 642),
            (566, 652),
            (567, 580),
            (567, 648),
            (569, 625),
            (570, 638),
            (571, 659),
            (572, 647),
            (573, 633),
            (574, 585),
            (575, 598),
            (577, 682),
            (578, 600),
            (578, 601),
            (578, 625),
            (579, 591),
            (579, 639),
            (581, 614),
            (582, 584),
            (582, 606),
            (582, 658),
            (585, 631),
            (585, 662),
            (586, 663),
            (587, 611),
            (588, 624),
            (589, 677),
            (590, 667),
            (592, 611),
            (592, 624),
            (592, 630),
            (595, 630),
            (595, 639),
            (597, 616),
            (597, 637),
            (598, 673),
            (599, 623),
            (599, 665),
            (602, 672),
            (603, 604),
            (604, 621),
            (604, 690),
            (605, 695),
            (606, 654),
            (606, 655),
            (607, 687),
            (608, 681),
            (610, 618),
            (610, 645),
            (610, 685),
            (611, 696),
            (612, 629),
            (614, 707),
            (615, 617),
            (615, 660),
            (615, 661),
            (617, 638),
            (617, 674),
            (619, 637),
            (620, 692),
            (621, 626),
            (621, 629),
            (622, 700),
            (624, 693),
            (625, 663),
            (625, 730),
            (628, 706),
            (629, 658),
            (630, 689),
            (631, 649),
            (631, 657),
            (632, 639),
            (634, 701),
            (635, 648),
            (636, 653),
            (636, 669),
            (636, 670),
            (637, 704),
            (638, 643),
            (638, 702),
            (639, 748),
            (640, 717),
            (641, 657),
            (644, 685),
            (645, 647),
            (645, 713),
            (647, 729),
            (648, 737),
            (650, 722),
            (651, 676),
            (653, 672),
            (653, 712),
            (656, 658),
            (657, 703),
            (658, 755),
            (659, 677),
            (659, 732),
            (662, 676),
            (662, 683),
            (663, 709),
            (663, 724),
            (664, 679),
            (664, 681),
            (664, 711),
            (666, 744),
            (667, 688),
            (667, 703),
            (668, 698),
            (671, 747),
            (672, 714),
            (672, 715),
            (673, 705),
            (673, 726),
            (675, 690),
            (676, 746),
            (677, 701),
            (677, 741),
            (678, 736),
            (680, 690),
            (681, 727),
            (681, 728),
            (682, 694),
            (682, 704),
            (682, 733),
            (684, 711),
            (685, 723),
            (685, 740),
            (686, 742),
            (687, 724),
            (687, 743),
            (690, 774),
            (691, 758),
            (692, 709),
            (692, 746),
            (693, 721),
            (693, 726),
            (695, 743),
            (695, 752),
            (697, 726),
            (698, 711),
            (698, 739),
            (699, 703),
            (700, 716),
            (700, 718),
            (700, 761),
            (701, 750),
            (701, 757),
            (703, 796),
            (704, 708),
            (704, 786),
            (706, 729),
            (706, 751),
            (706, 752),
            (707, 738),
            (707, 772),
            (709, 760),
            (710, 775),
            (711, 800),
            (717, 742),
            (717, 751),
            (717, 759),
            (719, 771),
            (720, 736),
            (722, 732),
            (722, 739),
            (722, 787),
            (724, 794),
            (725, 745),
            (726, 811),
            (729, 792),
            (730, 754),
            (731, 751),
            (732, 783),
            (734, 737),
            (735, 791),
            (736, 743),
            (736, 795),
            (737, 745),
            (737, 781),
            (739, 768),
            (742, 802),
            (743, 798),
            (744, 761),
            (744, 763),
            (744, 764),
            (745, 766),
            (746, 765),
            (746, 812),
            (747, 748),
            (748, 771),
            (748, 779),
            (749, 758),
            (751, 810),
            (752, 808),
            (753, 757),
            (755, 769),
            (755, 799),
            (756, 761),
            (757, 788),
            (758, 793),
            (758, 795),
            (761, 835),
            (762, 814),
            (766, 772),
            (766, 790),
            (767, 772),
            (770, 821),
            (771, 806),
            (771, 807),
            (772, 845),
            (773, 826),
            (774, 785),
            (774, 791),
            (774, 829),
            (775, 787),
            (775, 804),
            (775, 805),
            (776, 822),
            (777, 787),
            (778, 827),
            (780, 788),
            (782, 799),
            (784, 831),
            (786, 789),
            (786, 843),
            (787, 854),
            (791, 818),
            (791, 819),
            (795, 817),
            (795, 857),
            (796, 801),
            (796, 823),
            (796, 825),
            (797, 825),
            (799, 871),
            (800, 824),
            (800, 838),
            (802, 832),
            (803, 829),
            (809, 822),
            (811, 821),
            (811, 830),
            (811, 846),
            (812, 814),
            (812, 827),
            (812, 855),
            (813, 826),
            (814, 847),
            (814, 848),
            (815, 838),
            (816, 846),
            (820, 825),
            (822, 831),
            (822, 891),
            (825, 903),
            (826, 853),
            (826, 875),
            (827, 836),
            (827, 892),
            (828, 865),
            (829, 852),
            (829, 874),
            (831, 867),
            (833, 845),
            (834, 881),
            (835, 842),
            (835, 865),
            (835, 885),
            (837, 873),
            (838, 916),
            (839, 869),
            (840, 843),
            (841, 895),
            (843, 900),
            (844, 846),
            (845, 873),
            (845, 883),
            (846, 901),
            (849, 876),
            (850, 898),
            (851, 857),
            (854, 887),
            (856, 857),
            (857, 904),
            (858, 905),
            (859, 911),
            (860, 909),
            (861, 915),
            (862, 920),
            (863, 875),
            (864, 922),
            (865, 930),
            (866, 878),
            (866, 880),
            (868, 881),
            (869, 880),
            (869, 889),
            (870, 875),
            (871, 876),
            (871, 886),
            (871, 923),
            (872, 902),
            (873, 933),
            (875, 956),
            (876, 913),
            (877, 902),
            (879, 899),
            (880, 917),
            (881, 891),
            (881, 957),
            (882, 925),
            (884, 892),
            (885, 899),
            (885, 910),
            (888, 900),
            (890, 923),
            (891, 906),
            (891, 936),
            (892, 896),
            (892, 941),
            (893, 928),
            (894, 898),
            (895, 914),
            (895, 942),
            (897, 959),
            (898, 928),
            (898, 958),
            (899, 946),
            (900, 909),
            (900, 967),
            (902, 905),
            (902, 973),
            (903, 907),
            (903, 927),
            (903, 948),
            (905, 911),
            (905, 953),
            (908, 963),
            (909, 921),
            (909, 968),
            (911, 940),
            (912, 947),
            (913, 928),
            (913, 937),
            (915, 926),
            (915, 932),
            (915, 964),
            (916, 931),
            (916, 949),
            (916, 951),
            (917, 929),
            (917, 947),
            (918, 970),
            (919, 951),
            (920, 939),
            (920, 942),
            (920, 945),
            (922, 938),
            (922, 948),
            (923, 962),
            (923, 964),
            (924, 946),
            (925, 945),
            (925, 949),
            (928, 993),
            (930, 945),
            (930, 969),
            (933, 960),
            (934, 979),
            (935, 975),
            (942, 997),
            (943, 977),
            (944, 958),
            (945, 995),
            (946, 957),
            (946, 1009),
            (947, 958),
            (947, 992),
            (948, 955),
            (948, 991),
            (949, 986),
            (950, 951),
            (951, 1012),
            (952, 976),
            (954, 987),
            (956, 963),
            (956, 965),
            (956, 996),
            (957, 966),
            (957, 988),
            (958, 1000),
            (959, 971),
            (959, 976),
            (961, 968),
            (963, 983),
            (963, 984),
            (964, 987),
            (964, 998),
            (967, 977),
            (967, 994),
            (968, 970),
            (968, 1010),
            (970, 1021),
            (972, 975),
            (973, 975),
            (973, 981),
            (973, 1006),
            (974, 1013),
            (975, 1029),
            (976, 979),
            (976, 1026),
            (977, 1039),
            (978, 996),
            (979, 999),
            (979, 1020),
            (980, 1001),
            (982, 1008),
            (985, 1008),
            (987, 1014),
            (987, 1015),
            (989, 1018),
            (990, 1004),
            (993, 1018),
            (993, 1025),
            (996, 1001),
            (996, 1051),
            (1001, 1028),
            (1002, 1020),
            (1003, 1036),
            (1004, 1017),
            (1005, 1008),
            (1007, 1030),
            (1008, 1063),
            (1009, 1030),
            (1009, 1033),
            (1011, 1049),
            (1012, 1022),
            (1012, 1032),
            (1012, 1041),
            (1013, 1017),
            (1013, 1023),
            (1013, 1054),
            (1016, 1020),
            (1017, 1031),
            (1018, 1069),
            (1019, 1062),
            (1020, 1067),
            (1021, 1024),
            (1021, 1048),
            (1027, 1035),
            (1028, 1029),
            (1028, 1044),
            (1029, 1036),
            (1029, 1058),
            (1030, 1077),
            (1032, 1035),
            (1032, 1040),
            (1034, 1071),
            (1036, 1073),
            (1037, 1039),
            (1038, 1057),
            (1039, 1061),
            (1039, 1065),
            (1042, 1078),
            (1043, 1065),
            (1045, 1054),
            (1046, 1049),
            (1047, 1072),
            (1049, 1072),
            (1049, 1079),
            (1050, 1088),
            (1051, 1066),
            (1051, 1080),
            (1052, 1087),
            (1053, 1093),
            (1054, 1059),
            (1054, 1103),
            (1055, 1083),
            (1056, 1086),
            (1057, 1061),
            (1057, 1083),
            (1060, 1092),
            (1061, 1082),
            (1062, 1078),
            (1062, 1095),
            (1063, 1072),
            (1063, 1075),
            (1063, 1089),
            (1064, 1080),
            (1065, 1068),
            (1065, 1113),
            (1067, 1070),
            (1067, 1074),
            (1067, 1106),
            (1069, 1086),
            (1069, 1087),
            (1069, 1090),
            (1071, 1076),
            (1071, 1085),
            (1071, 1098),
            (1072, 1127),
            (1073, 1077),
            (1073, 1104),
            (1077, 1092),
            (1077, 1099),
            (1078, 1088),
            (1078, 1119),
            (1080, 1129),
            (1081, 1117),
            (1083, 1095),
            (1083, 1131),
            (1084, 1123),
            (1086, 1130),
            (1087, 1098),
            (1087, 1118),
            (1088, 1100),
            (1088, 1120),
            (1091, 1125),
            (1092, 1111),
            (1092, 1112),
            (1093, 1098),
            (1093, 1107),
            (1093, 1108),
            (1094, 1121),
            (1095, 1134),
            (1096, 1132),
            (1097, 1102),
            (1098, 1142),
            (1101, 1120),
            (1102, 1103),
            (1102, 1109),
            (1103, 1115),
            (1103, 1145),
            (1105, 1113),
            (1106, 1109),
            (1106, 1121),
            (1106, 1148),
            (1109, 1124),
            (1110, 1144),
            (1113, 1138),
            (1113, 1150),
            (1114, 1136),
            (1116, 1154),
            (1117, 1132),
            (1117, 1153),
            (1119, 1125),
            (1119, 1160),
            (1120, 1143),
            (1120, 1160),
            (1121, 1176),
            (1122, 1167),
            (1123, 1147),
            (1123, 1150),
            (1125, 1178),
            (1126, 1129),
            (1127, 1136),
            (1127, 1144),
            (1127, 1152),
            (1128, 1131),
            (1129, 1157),
            (1129, 1162),
            (1130, 1154),
            (1130, 1155),
            (1131, 1141),
            (1131, 1171),
            (1132, 1156),
            (1132, 1165),
            (1133, 1158),
            (1135, 1157),
            (1136, 1168),
            (1137, 1175),
            (1139, 1179),
            (1140, 1141),
            (1141, 1149),
            (1144, 1192),
            (1145, 1151),
            (1145, 1174),
            (1146, 1149),
            (1150, 1193),
            (1153, 1184),
            (1154, 1182),
            (1154, 1185),
            (1156, 1166),
            (1156, 1172),
            (1157, 1159),
            (1157, 1202),
            (1158, 1162),
            (1158, 1183),
            (1160, 1181),
            (1160, 1189),
            (1161, 1174),
            (1162, 1188),
            (1163, 1172),
            (1164, 1187),
            (1167, 1185),
            (1167, 1190),
            (1168, 1178),
            (1168, 1187),
            (1169, 1182),
            (1170, 1175),
            (1172, 1190),
            (1173, 1191),
            (1174, 1198),
            (1175, 1183),
            (1175, 1203),
            (1176, 1183),
            (1176, 1196),
            (1177, 1195),
            (1178, 1194),
            (1178, 1195),
            (1179, 1182),
            (1179, 1191),
            (1179, 1199),
            (1180, 1191),
            (1182, 1205),
            (1183, 1208),
            (1185, 1213),
            (1186, 1190),
            (1187, 1197),
            (1187, 1212),
            (1190, 1210),
            (1191, 1218),
            (1192, 1198),
            (1192, 1207),
            (1195, 1211),
            (1195, 1212),
            (1198, 1209),
            (1198, 1214),
            (1200, 1202),
            (1201, 1203),
            (1202, 1215),
            (1202, 1216),
            (1203, 1220),
            (1204, 1222),
            (1206, 1216),
            (1212, 1217),
            (1212, 1223),
            (1216, 1224),
            (1218, 1221),
            (1218, 1226),
            (1219, 1220),
            (1222, 1226),
            (1222, 1228),
            (1224, 1225),
            (1224, 1227),
            (1226, 1229),
            (1229, 1230),